-677.20
-826.00
-901.40
-609.10
-838.60
-2905.60
-412.20
-1460.90
-526.40
-759.60
-1261.80
-704.70
-216.50
-542.60
-719.50
-324.50
-374.90
-593.90
-893.20
-464.10
-1077.60
-174.70
-756.90
-2007.90
-1430.70
-885.40
-2718.44
-1702.14
-685.80
-418.10
-132.30
-1059.80
-717.60
-1295.60
-2171.70
-1961.20
-1911.10
-238.80
-1247.90
-594.50
-377.70
-1368.90
-740.80
-522.10
-1395.40
-521.00
-1566.10
-871.40
-743.40
-666.10
-768.00
-1115.90
-644.40
-786.10
-736.80
-1728.30
-252.80
-650.80
-336.60
-271.30
-1167.50
-442.90
-750.50
-230.80
-1098.40
-940.70
-775.50
-515.80
-1536.20
-382.60
-722.40
-404.00
-1004.29
-657.84
-730.00
-1486.20
-2102.70
-1162.80
-748.50
-358.60
-521.70
-705.20
-930.00
-605.00
-722.90
-2786.40
-959.20
-1120.60
-497.40
-1672.50
-879.30
-1781.70
-524.30
-644.50
-299.60
-650.50
-982.20
-791.00
-323.10
-1643.20
-671.50
-927.97
-1090.59
-297.30
-367.70
-696.30
-571.50
-876.20
-814.40
-737.10
-481.20
-727.50
-570.10
-820.60
-958.30
-607.40
-1110.30
-261.40
-605.60
-2868.30
-929.80
-846.70
-333.00
-326.60
-1377.80
-1278.90
-347.80
-723.70
-773.50
-265.90
-665.20
-568.60
-1259.60
-1049.70
-983.80
-615.30
-1827.80
-1545.20
-757.20
-801.20
-362.30
-2025.80
-356.10
-882.30
-1587.00
-1343.60
-245.80
-1608.00
-1066.00
-950.20
-3446.14
-656.10
-1456.50
-179.20
-171.00
-805.40
-852.90
-419.80
-703.40
-303.30
-2947.30
-942.90
-1392.30
-964.20
-170.20
-308.20
-180.70
-1360.30
-594.40
-1836.00
-278.10
-1566.50
-2816.50
-1088.47
-335.40
-555.10
-174.60
-714.70
-1789.10
-488.80
-296.00
-1408.70
-731.30
-1183.30
-1291.20
-1325.00
-1112.44
-729.20
-693.00
-705.60
-599.10
-972.00
-1252.27
-2738.50
-633.90
-2461.40
-969.50
-1374.50
-423.30
-1121.20
-461.30
-1248.70
-1281.90
-168.30
-1287.40
-529.29
-1548.60
-1523.50
-396.70
-931.50
-771.30
-662.80
-1436.60
-2672.70
-3193.60
-2451.40
-645.00
-1521.80
-641.50
-1017.60
-485.40
-251.90
-187.90
-236.00
-383.00
-504.40
-676.20
-514.20
-1317.50
-578.90
-1875.30
-1180.94
-537.00
-913.00
-204.00
-1797.90
-2011.70
-3295.24
-341.30
-359.40
-901.10
-1179.80
-591.87
-464.00
-498.00
-482.80
-854.90
-473.90
-1115.10
-2046.70
-601.60
-1526.50
-2850.50
-683.10
-1024.40
-430.50
-945.90
-2168.84
-763.90
-2437.10
-846.20
-2025.50
-353.30
-458.90
-250.40
-1568.90
-193.50
-565.80
-912.70
-501.50
-1480.52
-2925.90
-806.20
-879.80
-386.20
-1488.30
-1401.30
-823.30
-303.70
-922.90
-481.50
-195.30
-2206.00
-246.50
-309.30
-634.60
-294.10
-595.80
-480.00
-796.00
-588.30
-679.70
-818.80
-764.80
-409.80
-934.80
-525.80
-1485.10
-344.00
-600.00
-1523.40
-1845.20
-1055.20
-850.50
-2244.84
-1087.50
-1495.50
-279.20
-955.80
-665.90
-261.90
-412.70
-1259.50
-596.90
-775.00
-1658.00
-629.10
-443.30
-577.00
-431.80
-1474.60
-1932.30
-1794.00
-1584.60
-3835.40
-1151.90
-701.60
-1070.10
-2437.20
-505.60
-744.60
-505.70
-2974.60
-1230.20
-849.90
-998.90
-1534.90
-577.70
-683.50
-169.80
-464.30
-538.60
-446.80
-213.70
-712.30
-1133.70
-1064.40
-2597.14
-1098.10
-227.80
-259.50
-476.10
-1498.30
-1022.50
-238.00
-686.00
-859.70
-552.10
-658.30
-307.00
-1094.60
-484.00
-315.20
-690.90
-942.90
-912.70
-1123.50
-1195.40
-667.60
-1470.90
-239.30
-731.40
-1043.80
-641.40
-918.80
-1536.70
-2661.40
-1657.80
-805.20
-619.50
-924.10
-992.90
-1639.20
-1063.00
-225.60
-1250.60
-577.80
-666.80
-2766.45
-1847.75
-1239.80
-252.00
-3124.80
-1612.10
-838.70
-484.40
-1228.30
-443.70
-395.30
-511.10
-1023.10
-753.00
-2543.90
-1008.50
-2598.30
-517.80
-273.50
-576.40
-821.00
-302.40
-1534.70
-928.70
-825.80
-3703.00
-975.30
-794.50
-710.10
-919.30
-1164.50
-640.80
-1037.00
-344.70
-1205.20
-582.70
-744.00
-1258.90
-148.60
-941.70
-284.00
-927.40
-819.40
-495.50
-1742.90
-459.40
-554.40
-735.90
-655.10
-704.50
-1683.60
-1844.30
-1567.40
-1929.22
-1729.40
-672.90
-276.70
-1528.90
-428.10
-892.80
-337.40
-534.50
-922.50
-299.60
-3250.10
-741.00
-428.80
-1500.00
-737.70
-1507.94
-256.20
-2918.30
-1545.20
-641.50
-891.20
-259.20
-935.90
-236.60
-2361.30
-425.00
-979.10
-1010.60
-638.10
-1498.00
-815.70
-802.80
-567.00
-4347.00
-978.10
-290.70
-502.50
-191.50
-1060.20
-387.90
-679.50
-983.30
-624.80
-2260.40
-385.80
-514.50
-545.40
-828.40
-667.60
-628.30
-1769.30
-1330.90
-150.10
-1202.30
-330.20
-174.00
-368.30
-3270.50
-558.80
-1477.70
-917.50
-696.50
-1060.20
-786.70
-1426.80
-2760.50
-1227.00
-1107.10
-386.30
-593.10
-556.70
-213.50
-2797.10
-478.20
-1089.30
-418.20
-205.60
-2525.20
-629.00
-536.70
-189.60
-1359.00
-2628.70
-491.80
-1457.90
-1679.70
-933.24
-366.60
-1299.50
-166.30
-279.00
-2406.00
-319.50
-2278.60
-1482.24
-1402.00
-1362.20
-684.40
-1332.20
-172.00
-2234.00
-1945.80
-1150.10
