-1793.40
-948.90
-888.50
-583.30
-1094.40
-1108.80
-658.30
-604.10
-2497.30
-790.80
-937.20
-489.60
-1223.80
-651.70
-509.70
-5543.70
-866.69
-353.50
-597.00
-1615.80
-582.00
-591.90
-669.40
-2157.20
-567.40
-490.20
-1022.67
-1200.80
-543.30
-905.30
-623.40
-1083.50
-424.80
-744.90
-2001.30
-487.10
-525.90
-626.30
-1663.24
-231.70
-891.30
-2530.50
-821.20
-458.20
-482.40
-504.20
-548.20
-1702.60
-511.00
-627.30
-847.60
-1176.90
-915.80
-1207.10
-1103.10
-1282.50
-591.20
-2073.40
-563.70
-1154.80
-1166.60
-1675.50
-5301.70
-1944.14
-1068.80
-958.70
-1508.60
-968.74
-1636.64
-3407.70
-1385.80
-873.40
-488.90
-1745.30
-1302.10
-542.30
-511.30
-2516.20
-1599.90
-848.60
